
3d Ising model, 1-hit Metropolis:

beta=0.22165d0, nequi=20 000, rpt=64, nmeas=10 000

 actm =     0.673776917  +/-     0.000216691
 em   =    -1.042661503  +/-     0.001300147

 Q=0.48 comparison with Alves, Berg and Villanova, PRB 41 (90) 383.
 Result translated into their notation:
 em_A =    -0.219060034  +/-     0.000090000

